[Z 3, Z 2, Z 1] (1, 0, [1, 2, 3])
(2, 1, [1, 2, 0])

[Z 3, Z 2, Z 1] (2, 1, [1, 2, 3])
(3, 2, [1, 0, 3])

[Z 3, Z 2, Z 1] (3, 2, [1, 2, 3])
(4, 3, [0, 2, 3])

[S 3, S 2, S 1] (1, 10, [1, 2, 3])
(2, 11, [1, 2, 4])

[S 3, S 2, S 1] (2, 11, [1, 2, 3])
(3, 12, [1, 3, 3])

[S 3, S 2, S 1] (3, 12, [1, 2, 3])
(4, 13, [2, 2, 3])

[T 1 1, T 2 3, T 3 2] (1, 100, [10, 20, 30])
(2, 101, [10, 20, 30])

[T 1 1, T 2 3, T 3 2] (2, 101, [10, 20, 30])
(3, 102, [10, 20, 20])

[T 1 1, T 2 3, T 3 2] (3, 102, [10, 20, 30])
(4, 103, [10, 30, 30])

[J 1 1 100, J 1 2 200, J 2 1 300, J 2 3 400, J 3 2 500] (1, 0, [10, 20, 20])
(100, 1, [10, 20, 20])

[J 1 1 100, J 1 2 200, J 2 1 300, J 2 3 400, J 3 2 500] (2, 0, [10, 20, 20])
(3, 1, [10, 20, 20])

[J 1 1 100, J 1 2 200, J 2 1 300, J 2 3 400, J 3 2 500] (3, 0, [10, 20, 20])
(4, 1, [10, 20, 20])

[J 1 1 100, J 1 2 200, J 2 1 300, J 2 3 400, J 3 2 500] (4, 0, [10, 20, 20])
(400, 1, [10, 20, 20])

[J 1 1 100, J 1 2 200, J 2 1 300, J 2 3 400, J 3 2 500] (5, 0, [10, 20, 20])
(500, 1, [10, 20, 20])

addition (1, 0, [1, 2, 0])
(2, 1, [1, 2, 0])

addition (2, 1, [1, 2, 0])
(3, 2, [1, 2, 0])

addition (3, 2, [1, 2, 0])
(4, 3, [2, 2, 0])

addition (4, 3, [2, 2, 0])
(5, 4, [2, 2, 1])

addition (5, 4, [2, 2, 1])
(2, 5, [2, 2, 1])

addition (2, 5, [2, 2, 1])
(3, 6, [2, 2, 1])

addition (3, 6, [2, 2, 1])
(4, 7, [3, 2, 1])

addition (4, 7, [3, 2, 1])
(5, 8, [3, 2, 2])

addition (5, 8, [3, 2, 2])
(2, 9, [3, 2, 2])

addition (2, 9, [3, 2, 2])
(6, 10, [3, 2, 2])

notSignum (1, 0, [5,0])
(2, 1, [5,0])