nda1 [1]
[1,5,7]
nda1 [3]
[3,4,9,11]
nda1 [5]
[5]
nda1 [7]
[7]
nda1 [9,11]
[9,11]
nda1 [2]
[2]
nda1 []
[]
nda1 [4,7,8]
[3,4,7,8,9,11]
nda1 [1,1,3,5]
[1,3,4,5,7,9,11]

nda2 [1]
[1]
nda2 [3]
[2,3,4,5]
nda2 [4]
[2,4,5]
nda2 [5]
[5]
nda2 [6]
[2,5,6]
nda2 [1,5,6]
[1,2,5,6]
nda2 []
[]
nda2 [2,3,4]
[2,3,4,5]

nda3 [1]
[1,2,3,5,7]
nda3 [3]
[3,5,7]
nda3 [5]
[5]
nda3 [7]
[7]
nda3 [9]
[9,10]
nda3 [10]
[10]
nda3 [8,9,10]
[2,3,4,5,7,8,9,10]
nda3 [1,3,5,7,9,10]
[1,2,3,5,7,9,10]
nda3 [1,2,3,4,5,6,7,8,9,10]
[1,2,3,4,5,6,7,8,9,10]

nda4 [1]
[1,3,4,5,7,8]
nda4 [3]
[3,4]
nda4 [5]
[5]
nda4 [6]
[3,4,6]
nda4 [7]
[3,4,7,8]
nda4 [8]
[3,4,8]
nda4 [2]
[2]
nda4 [1,5,6]
[1,3,4,5,6,7,8]
nda4 []
[]

nda5 [1]
[1,3,4,5,7,8]
nda5 [3]
[3,4]
nda5 [5]
[5]
nda5 [11]
[2,11,12,13]
nda5 [13]
[13]
nda5 [14]
[2,13,14]
nda5 [12,13]
[2,12,13]
nda5 []
[]
nda5 [1,5,9,12]
[1,2,3,4,5,7,8,9,10,12,13]
nda5 [1,3,5,7,9,11,13]
[1,2,3,4,5,7,8,9,10,11,12,13]

nda6 [1]
[1,2,3,4,5,7,8]
nda6 [3]
[2,3,4,5,7,8]
nda6 [5]
[5]
nda6 [7]
[2,3,4,5,7,8]
nda6 [8]
[2,3,4,5,7,8]
nda6 [1,2,3]
[1,2,3,4,5,7,8]
nda6 [1,3,3,2,3,3,2]
[1,2,3,4,5,7,8]
nda6 [6]
[2,3,4,5,6,7,8]
nda6 []
[]

ndaFigure [1]
[1,3,4,5,7,9]
ndaFigure [3]
[3,4]
ndaFigure [4]
[4]
ndaFigure [5]
[5,7,9]
ndaFigure [6]
[3,4,5,6,7,9]
ndaFigure [7]
[7]
ndaFigure [9]
[9]
ndaFigure [10]
[3,4,5,6,7,9,10]
ndaFigure [1,5,6,9]
[1,3,4,5,6,7,9]
ndaFigure []
[]
ndaFigure [1..10]
[1..10]
ndaFigure [10,9..1]
[1..10]

ndaTest [2]
[1..5]

(1,[2],[((1,Nothing),[1,2,3]),((3,Nothing),[4,5]),((5,Nothing),[1])]) [1]
[1,2,3,4,5]

(1,[2],[((1,Nothing),[1,2,3]),((3,Nothing),[4,5]),((5,Nothing),[1])]) [3,5]
[1,2,3,4,5]

(1,[2],[((1,Nothing),[2,3]),((2,Nothing),[3]),((3,Nothing),[4]),((4,Nothing),[1,2,3,4])]) [1]
[1,2,3,4]

(1,[2],[((1,Nothing),[2]),((2,Nothing),[3]),((3,Nothing),[1])]) [1]
[1,2,3]

(1,[2],[]) []
[]

(1,[2],[]) [1]
[1]

(1,[2],[]) [1..5]
[1..5]

(1,[2],[((1,Just 'a'),[3])]) [1]
[1]

(1,[2],[((1,Nothing),[2]),((2,Nothing),[3]),((3,Nothing),[4]),((4,Nothing),[5])]) [1]
[1,2,3,4,5]

(1,[2],[((1,Nothing),[2]),((2,Nothing),[3]),((3,Nothing),[4]),((4,Nothing),[5])]) [3]
[3,4,5]

(1,[2],[((1,Nothing),[2]),((2,Nothing),[3]),((3,Nothing),[4]),((4,Nothing),[5])]) [5]
[5]

(1,[2],[((1,Nothing),[2]),((2,Nothing),[3]),((3,Nothing),[4]),((4,Nothing),[1])]) [1]
[1,2,3,4]

(1,[2],[((1,Nothing),[2]),((2,Nothing),[3]),((3,Nothing),[4]),((4,Nothing),[1])]) [3]
[1,2,3,4]

(1,[2],[((1,Nothing),[2]),((2,Nothing),[3]),((3,Nothing),[4]),((4,Nothing),[1])]) [1,3]
[1,2,3,4]